[STATE]
ORIENT=3 2400.000000 30.000000 30.000000 0.000000
ZOOMPAN=136 92 1224 826
ZOOMWINDOW=9147.052007 9079.762493 13523.861386 13463.479795
LABELS=010100110001000000111111000000000010110000
SCALES1=0.178182
SCALES2=0.500000
SCALES3=0.100000
SCALES4=5.000000
SCALES5=0.050000
SCALES6=1.333856
SCALES7=4.452896
SCALES8=0.208690
SCALES9=0.136901
SCALES10=0.178996
SCALES11=0.602281
SCALES12=0.007313
SCALES13=1.221760
SCALES14=0.112192
SCALES15=0.200000
SCALES16=3.000000
SCALES17=3.000000
