[STATE]
ORIENT=3 2400.000000 30.000000 30.000000 0.000000
ZOOMPAN=136 92 1224 826
ZOOMWINDOW=9116.296782 9065.380609 13608.237580 13549.550333
LABELS=010100110001000000111111000000000010110000
SCALES1=0.306450
SCALES2=0.500000
SCALES3=0.100000
SCALES4=5.000000
SCALES5=0.050000
SCALES6=3.322552
SCALES7=7.043999
SCALES8=0.685795
SCALES9=0.096352
SCALES10=0.997181
SCALES11=1.189631
SCALES12=0.020339
SCALES13=1.933344
SCALES14=0.146152
SCALES15=0.200000
SCALES16=3.000000
SCALES17=3.000000
