[STATE]
ORIENT=3 50.000000 30.000000 30.000000 0.000000
ZOOMPAN=-7 64 804 778
ZOOMWINDOW=222.521765 221.605511 356.931330 355.629523
LABELS=011000110001000000111111000000000010110000
SCALES1=230.448878
SCALES2=5.000000
SCALES3=0.100000
SCALES4=5.000000
SCALES5=50.000000
SCALES6=100.000000
SCALES7=100.000000
SCALES8=100.000000
SCALES9=100.000000
SCALES10=50.000000
SCALES11=10.000000
SCALES12=1.000000
SCALES13=50000.000000
SCALES14=0.100000
SCALES15=7.000000
SCALES16=3.000000
SCALES17=3.000000
