[STATE]
ORIENT=3 2400.000000 30.000000 30.000000 0.000000
ZOOMPAN=59 89 890 823
ZOOMWINDOW=8503.246922 8455.830109 13916.933639 13819.972021
LABELS=011000110001000000111111000000000010110000
SCALES1=0.200940
SCALES2=0.500000
SCALES3=0.100000
SCALES4=5.000000
SCALES5=0.050000
SCALES6=8.090064
SCALES7=2.486298
SCALES8=0.259712
SCALES9=0.300086
SCALES10=0.267721
SCALES11=1.296184
SCALES12=0.010840
SCALES13=1.376169
SCALES14=0.058733
SCALES15=0.200000
SCALES16=3.000000
SCALES17=3.000000
