[STATE]
ORIENT=3 2400.000000 30.000000 30.000000 0.000000
ZOOMPAN=136 92 1224 826
ZOOMWINDOW=8384.048131 8356.330582 13898.330121 13852.096495
LABELS=010100110001000000111111000000000010110000
SCALES1=0.259331
SCALES2=0.500000
SCALES3=0.100000
SCALES4=5.000000
SCALES5=0.050000
SCALES6=3.726493
SCALES7=5.672171
SCALES8=0.226367
SCALES9=0.134444
SCALES10=0.351897
SCALES11=1.213168
SCALES12=0.008850
SCALES13=2.299375
SCALES14=0.125867
SCALES15=0.200000
SCALES16=3.000000
SCALES17=3.000000
