[STATE]
ORIENT=3 2400.000000 30.000000 30.000000 0.000000
ZOOMPAN=136 92 1224 826
ZOOMWINDOW=8849.944401 8786.595292 13480.551031 13417.509202
LABELS=010100110001000000111111000000000010110000
SCALES1=2.744353
SCALES2=0.500000
SCALES3=0.100000
SCALES4=5.000000
SCALES5=0.050000
SCALES6=0.071874
SCALES7=0.071874
SCALES8=0.001830
SCALES9=0.000269
SCALES10=0.009406
SCALES11=0.000823
SCALES12=0.000070
SCALES13=0.005126
SCALES14=0.071874
SCALES15=0.200000
SCALES16=3.000000
SCALES17=3.000000
