[STATE]
ORIENT=3 2400.000000 30.000000 30.000000 0.000000
ZOOMPAN=137 92 1232 826
ZOOMWINDOW=8544.898438 8515.235376 13820.951854 13785.283286
LABELS=011100110011000000111111000001000010110000
SCALES1=2.310997
SCALES2=0.500000
SCALES3=0.100000
SCALES4=5.000000
SCALES5=0.050000
SCALES6=35.680906
SCALES7=24.323654
SCALES8=1.739486
SCALES9=2.087287
SCALES10=0.319419
SCALES11=1.961717
SCALES12=0.016381
SCALES13=7.641247
SCALES14=0.159750
SCALES15=0.200000
SCALES16=3.000000
SCALES17=3.000000
