[STATE]
ORIENT=3 50.000000 30.000000 30.000000 0.000000
ZOOMPAN=168 114 919 768
ZOOMWINDOW=240.263144 239.527024 355.276557 354.800201
LABELS=010100110001000000011111000000000010110000
SCALES1=706.406303
SCALES2=5.000000
SCALES3=0.100000
SCALES4=5.000000
SCALES5=50.000000
SCALES6=100.000000
SCALES7=100.000000
SCALES8=100.000000
SCALES9=100.000000
SCALES10=50.000000
SCALES11=10.000000
SCALES12=1.000000
SCALES13=50000.000000
SCALES14=0.100000
SCALES15=7.000000
SCALES16=3.000000
SCALES17=3.000000
