[STATE]
ORIENT=3 50.000000 30.000000 30.000000 0.000000
ZOOMPAN=141 -107 972 627
ZOOMWINDOW=236.538170 233.483622 359.884438 356.584407
LABELS=011000110001000000111111000000000010110000
SCALES1=20.201834
SCALES2=0.500000
SCALES3=0.100000
SCALES4=5.000000
SCALES5=0.050000
SCALES6=200.000000
SCALES7=200.000000
SCALES8=1.000000
SCALES9=1.000000
SCALES10=5.000000
SCALES11=1.000000
SCALES12=1.000000
SCALES13=5.000000
SCALES14=0.100000
SCALES15=0.200000
SCALES16=3.000000
SCALES17=3.000000
