[STATE]
ORIENT=3 2400.000000 30.000000 30.000000 0.000000
ZOOMPAN=104 92 935 826
ZOOMWINDOW=8699.075642 8663.007580 13834.318149 13782.861164
LABELS=010100110001000000111111000000000010110000
SCALES1=0.100000
SCALES2=0.500000
SCALES3=0.100000
SCALES4=5.000000
SCALES5=0.050000
SCALES6=0.004514
SCALES7=0.045815
SCALES8=0.005834
SCALES9=0.000873
SCALES10=0.016019
SCALES11=0.001466
SCALES12=0.000159
SCALES13=0.011405
SCALES14=0.162819
SCALES15=0.200000
SCALES16=3.000000
SCALES17=3.000000
