[STATE]
ORIENT=3 2400.000000 30.000000 30.000000 0.000000
ZOOMPAN=111 79 1000 711
ZOOMWINDOW=8575.324460 8523.055353 13727.926503 13651.449440
LABELS=010100110001000000011111000000000010110000
SCALES1=0.215568
SCALES2=5.000000
SCALES3=0.100000
SCALES4=5.000000
SCALES5=50.000000
SCALES6=100.000000
SCALES7=100.000000
SCALES8=100.000000
SCALES9=100.000000
SCALES10=50.000000
SCALES11=10.000000
SCALES12=1.000000
SCALES13=50000.000000
SCALES14=0.100000
SCALES15=7.000000
SCALES16=3.000000
SCALES17=3.000000
