[STATE]
ORIENT=3 50.000000 30.000000 30.000000 0.000000
ZOOMPAN=136 83 1063 586
ZOOMWINDOW=219.877300 219.667294 361.919313 361.169351
LABELS=011100110001000000111111000000000010110000
SCALES1=293.348017
SCALES2=0.500000
SCALES3=0.100000
SCALES4=5.000000
SCALES5=0.050000
SCALES6=200.000000
SCALES7=200.000000
SCALES8=1.000000
SCALES9=1.000000
SCALES10=5.000000
SCALES11=1.000000
SCALES12=1.000000
SCALES13=5.000000
SCALES14=0.100000
SCALES15=0.200000
SCALES16=3.000000
SCALES17=3.000000
