[STATE]
ORIENT=3 2400.000000 30.000000 30.000000 0.000000
ZOOMPAN=74 62 905 796
ZOOMWINDOW=8780.983665 8769.960228 13790.477253 13764.803490
LABELS=010100111001000000111111000000000010110000
SCALES1=7.121849
SCALES2=0.500000
SCALES3=0.100000
SCALES4=5.000000
SCALES5=0.050000
SCALES6=7.805988
SCALES7=20.538586
SCALES8=3.478112
SCALES9=0.516653
SCALES10=3.478112
SCALES11=1.000000
SCALES12=0.002441
SCALES13=3.427452
SCALES14=0.250000
SCALES15=0.200000
SCALES16=3.000000
SCALES17=3.000000
