[STATE]
ORIENT=3 2400.000000 30.000000 30.000000 0.000000
ZOOMPAN=104 92 935 826
ZOOMWINDOW=8387.686725 8379.812702 14172.101232 14143.356650
LABELS=010100110001000000111111000000000010110000
SCALES1=0.928716
SCALES2=0.500000
SCALES3=0.100000
SCALES4=5.000000
SCALES5=0.050000
SCALES6=0.000001
SCALES7=0.003431
SCALES8=0.000599
SCALES9=0.000000
SCALES10=0.004957
SCALES11=0.000000
SCALES12=0.000125
SCALES13=0.003765
SCALES14=0.192438
SCALES15=0.200000
SCALES16=3.000000
SCALES17=3.000000
