[STATE]
ORIENT=3 2400.000000 30.000000 30.000000 0.000000
ZOOMPAN=145 61 1153 715
ZOOMWINDOW=8332.123047 8293.335190 13801.090779 13777.994861
LABELS=010100111001000000111111000000000010110000
SCALES1=6.723198
SCALES2=0.500000
SCALES3=0.100000
SCALES4=5.000000
SCALES5=0.050000
SCALES6=0.065157
SCALES7=2.194440
SCALES8=0.109512
SCALES9=0.001144
SCALES10=6.340476
SCALES11=0.065157
SCALES12=0.001630
SCALES13=1.795657
SCALES14=0.166925
SCALES15=0.200000
SCALES16=3.000000
SCALES17=3.000000
