[STATE]
ORIENT=3 2400.000000 30.000000 30.000000 0.000000
ZOOMPAN=104 92 935 826
ZOOMWINDOW=8598.003646 8573.454913 13815.916315 13791.488813
LABELS=010100111001010000011111000000000010110000
SCALES1=0.100000
SCALES2=0.500000
SCALES3=0.100000
SCALES4=5.000000
SCALES5=0.050000
SCALES6=200.000000
SCALES7=0.016699
SCALES8=0.002888
SCALES9=1.000000
SCALES10=0.007498
SCALES11=1.000000
SCALES12=0.000173
SCALES13=0.006802
SCALES14=0.177539
SCALES15=0.200000
SCALES16=3.000000
SCALES17=3.000000
