[STATE]
ORIENT=3 2400.000000 30.000000 60.000000 0.000000
ZOOMPAN=184 115 1279 849
ZOOMWINDOW=11199.948539 11061.915818 16767.920038 16696.172742
LABELS=010100110001000000011111000000000010110000
SCALES1=0.553746
SCALES2=0.500000
SCALES3=0.100000
SCALES4=5.000000
SCALES5=0.050000
SCALES6=200.000000
SCALES7=200.000000
SCALES8=1.000000
SCALES9=1.000000
SCALES10=5.000000
SCALES11=1.000000
SCALES12=1.000000
SCALES13=5.000000
SCALES14=0.100000
SCALES15=0.200000
SCALES16=3.000000
SCALES17=3.000000
