[STATE]
ORIENT=3 2400.000000 30.000000 30.000000 0.000000
ZOOMPAN=137 92 1232 826
ZOOMWINDOW=8726.741505 8675.632475 13555.653570 13511.508927
LABELS=010100110001000000111111000000000010110000
SCALES1=0.100000
SCALES2=0.500000
SCALES3=0.100000
SCALES4=5.000000
SCALES5=0.050000
SCALES6=200.000000
SCALES7=0.013913
SCALES8=0.002298
SCALES9=1.000000
SCALES10=0.008970
SCALES11=1.000000
SCALES12=0.000118
SCALES13=0.004213
SCALES14=0.121142
SCALES15=0.200000
SCALES16=3.000000
SCALES17=3.000000
