[STATE]
ORIENT=3 2400.000000 30.000000 30.000000 0.000000
ZOOMPAN=92 78 923 812
ZOOMWINDOW=8654.983185 8621.987692 13836.875613 13777.208239
LABELS=011000110001000000111111000000000010110000
SCALES1=3.516524
SCALES2=0.500000
SCALES3=0.100000
SCALES4=5.000000
SCALES5=0.050000
SCALES6=60.393552
SCALES7=79.826688
SCALES8=4.951013
SCALES9=4.594484
SCALES10=11.755986
SCALES11=7.693740
SCALES12=0.065700
SCALES13=12.410370
SCALES14=0.169784
SCALES15=0.200000
SCALES16=3.000000
SCALES17=3.000000
