[STATE]
ORIENT=3 2400.000000 30.000000 30.000000 0.000000
ZOOMPAN=219 112 930 726
ZOOMWINDOW=8473.762485 8419.753248 13536.866544 13522.081393
LABELS=010100110001000000111111000000000010110000
SCALES1=0.100000
SCALES2=0.500000
SCALES3=0.100000
SCALES4=5.000000
SCALES5=0.050000
SCALES6=200.000000
SCALES7=0.355929
SCALES8=0.024891
SCALES9=1.000000
SCALES10=5.000000
SCALES11=0.111775
SCALES12=0.000107
SCALES13=0.057370
SCALES14=0.218500
SCALES15=0.200000
SCALES16=3.000000
SCALES17=3.000000
